248
247
262
259
260
261
263
264
265
266
270
267
268
269
2
1
21
3
4
7
5
6
10
8
9
13
11
12
14
15
16
17
19
18
26
24
140
139
159
141
142
145
143
144
148
146
147
151
149
150
152
153
154
155
157
156
164
162
160
161
166
165
174
167
170
168
169
171
172
175
176
179
177
181
180
187
182
183
184
185
188
189
192
190
194
193
215
195
196
197
216
217
220
218
198
199
208
206
205
200
201
202
204
203
207
210
209
211
212
213
222
221
241
223
224
242
243
246
244
225
226
235
233
232
227
228
229
231
230
234
237
236
238
239
110
109
132
111
112
113
114
115
116
127
125
124
117
118
119
120
121
122
123
126
129
128
130
138
135
136
133
134
249
250
251
252
256
253
254
257
258
22
23
28
27
36
29
32
30
31
33
34
37
38
41
39
43
42
49
44
45
46
47
50
51
54
52
56
55
77
57
58
59
78
79
82
80
60
61
70
68
67
62
63
64
66
65
69
72
71
73
74
75
84
83
103
85
86
104
105
108
106
87
88
97
95
94
89
90
91
93
92
96
99
98
100
101
